[app/ui]
version = 9.0.1
modtime = 1662735856.729090100

[app/launcher]
version = 9.0.1
modtime = 1662735856.769065500
